1 2
2 1
1 20
20 1
1 27
27 1
2 4
4 2
2 5
5 2
2 7
7 2
2 13
13 2
2 21
21 2
2 23
23 2
2 24
24 2
2 26
26 2
3 1
1 3
3 6
6 3
3 12
12 3
3 18
18 3
3 24
24 3
3 25
25 3
4 1
1 4
4 10
10 4
4 11
11 4
4 18
18 4
4 27
27 4
5 1
1 5
5 8
8 5
5 9
9 5
5 13
13 5
5 23
23 5
5 28
28 5
6 8
8 6
6 15
15 6
6 16
16 6
6 26
26 6
6 27
27 6
6 28
28 6
7 1
1 7
7 2
2 7
7 5
5 7
7 15
15 7
7 17
17 7
8 3
3 8
8 12
12 8
8 15
15 8
8 17
17 8
8 18
18 8
8 25
25 8
9 12
12 9
9 16
16 9
9 17
17 9
9 24
24 9
9 25
25 9
9 27
27 9
10 2
2 10
10 8
8 10
10 11
11 10
10 12
12 10
10 15
15 10
10 18
18 10
10 20
20 10
10 24
24 10
10 26
26 10
10 28
28 10
11 8
8 11
11 14
14 11
11 16
16 11
11 18
18 11
11 28
28 11
12 3
3 12
12 7
7 12
12 10
10 12
12 14
14 12
12 16
16 12
12 21
21 12
12 22
22 12
12 26
26 12
13 1
1 13
13 11
11 13
13 14
14 13
13 20
20 13
13 23
23 13
13 29
29 13
14 3
3 14
14 5
5 14
14 12
12 14
14 13
13 14
14 18
18 14
14 20
20 14
15 8
8 15
15 12
12 15
15 17
17 15
15 18
18 15
15 22
22 15
15 27
27 15
15 28
28 15
16 2
2 16
16 4
4 16
16 25
25 16
17 3
3 17
17 7
7 17
17 15
15 17
17 16
16 17
17 19
19 17
17 25
25 17
17 27
27 17
18 8
8 18
18 12
12 18
18 15
15 18
18 19
19 18
18 27
27 18
19 2
2 19
19 4
4 19
19 6
6 19
19 10
10 19
19 13
13 19
19 16
16 19
19 17
17 19
19 18
18 19
19 21
21 19
19 22
22 19
19 23
23 19
19 26
26 19
19 28
28 19
20 5
5 20
20 7
7 20
20 13
13 20
20 18
18 20
20 21
21 20
20 23
23 20
20 27
27 20
21 3
3 21
21 4
4 21
21 13
13 21
21 24
24 21
21 29
29 21
22 9
9 22
22 16
16 22
22 21
21 22
22 27
27 22
23 11
11 23
23 17
17 23
23 22
22 23
23 25
25 23
24 10
10 24
24 12
12 24
24 13
13 24
24 18
18 24
24 27
27 24
24 28
28 24
25 5
5 25
25 20
20 25
25 27
27 25
25 28
28 25
26 15
15 26
26 21
21 26
26 25
25 26
26 27
27 26
27 5
5 27
27 8
8 27
27 9
9 27
27 12
12 27
27 14
14 27
27 24
24 27
28 1
1 28
28 3
3 28
28 14
14 28
28 18
18 28
28 19
19 28
28 21
21 28
29 4
4 29
29 10
10 29
29 16
16 29
29 23
23 29
29 24
24 29
